100
4
1332
4
9583
3
616
10
1029384756
95
66666655556445545546564566555554444555655664545555445564656646556644654644565544545464646556545
99
898779977997889978977778889789879777979989797997989787979997889998877789999778899797799998878979978
98
41245435215351311131252253453335333455313431211135424432434551323254232141425553431321143551211332
98
89759695787576969589575976756689685895855579886666558579568556888569758888795985967587956969689697
100
2893215175146179414259544838822662892483863345878964198355972663174716491223485736472147724768818367
95
35547247476236274643252333357667633672466227755735642233435652374335333772547475463576344472424
95
55324253141311133220311423301001255200450433032150240350243130213201231121523520241352545113135
96
756777575677576655557555667555665665656577755776757775577677656677655576576655565676557656767676
92
63554655263536544455446243566246426264352655536533523645626656463364622466655664334653364336
100
4255222321415243314154344114452221132323434312123221143533343513313344342413344355525215433321531343
2
10
99
788778778787878878787877888888778788887878778788778888888887777878877777787888788788878787877877787
100
0000000000111111111122222222223333333333444444444444444444443333333333222222222211111111110000000000
91
5454445444455445454454555445544454554545444444454555545444545545544545555555454454444444544
99
434445444543455334534343544443554345444353545443353333355333445354443553433535554345543453353343533
91
0658426712895955455142487364019169602916956411990872709709245190583362517418617268991675912
2
00
100
6637539993847859999985983675445997477437979387875666676873988473349978766487544853756534559664777766
100
3442532523442254626525462645236423626555565255242264643652244245666662326242233562462242555644335556
98
76766678766866678887867887786688886777767886876686768768776888676877666886788677866876666877886888
3
110
91
9622668837731365769317121893535127581142956991654164377163891191644559146534524934317588994
100
9999999999999999999999999999999999999999999999999999999999999999999999999999999999999999999999999999
93
321332323121133332132112331113133211332133112311123112221223231312322123323212213321223331323
95
85332324558745326743236232458483623536473272552438363428537885687464536552428584847542548733587
97
0001210202110002022112211000012210101122011110101222010100121101002211002221111121002011021101110
96
888887888878888787788887877878777778777877878777887878777777888877888887787777888788888878777787
100
3426322243342366643423244636653663546655432425543322265636345354342356365334455432224452464525625536
90
444434434544554343343335533344455535345554535553345543445345354345545344434445444334455534
100
1110000111100001000010010111001001101011110101101010101111010010011101101100010001001011111110001100
3
011
90
447754675567565776653373367635544634654656646675744457735543534564674643444433457777533753
96
779887979889897778989978879979979899989989787779999987988778978878777788889978777787789788999798
99
788877888888888788778888778887877888777878877777887887778778878877878787788887787787778778878788877
97
5445784484846554868754486444657458676767667865855585858756488554747874766757767586646878688776866
94
2925236926846148358513477761386742754762579465450459437546184901342269599343964540356594627018
98
88846645955865968745985998866886768864655448986476899877697758587796899544674859766999499896958559
92
56666566656655555566665565556566566665656566665656665655655555655666656666666555566555665556
91
3453435444554554343445543454435455545444433535345554453554533444334535443344444355555454345
92
21211143313423344444322221432222423342113421312113133411333243431421141134113241413344223223
97
5756655675755857759687999885899768958858969968787977568587786776897976666667995675895599557978577
96
997957958956786976768658577899658565885877696597865666699766596986685769656675555755667859696857
96
583237287846336698779482887786257472246255697986574866235993555635392537999977389494525578784886
7
9000555
100
0987654321098765432109876543210987654321098765432109876543210987654321098765432109876543210987654321
96
556656665566666565566556656565555665666566566666656566656655655655556565566556565565665665655565
2
01
95
12222211211121211121121211121222112111121212121221221112222112222211121121221211222112111122121
94
2001321333231200313010320210320331322311003121233203221231112332212310121323332212100232220020
99
334444445533534434534345333445354355434345433435334435345555444455444445345454535544545433545534554
93
534455453454445344553435555434545355333534533454555353443445455533345443543335444553335545554
92
99777977898897989779977877888998879978897777789878797977878779779878777787789997778987798878
96
576576566465446445654675756744467447544556765744476544645776674567476577555467444446476754444554
100
2232333332223323222232223323333232323222323223222323223223332332223333333232233223323333222233233323
97
3322332323332223222233232232333222322322232223232223322322223323332323232232232223333223223323323
100
7434453558633412539934292222354829896415431222268136628567275257696352392868554165379481564635555984
91
8733674876363365786368784586683446886353584488767785487888388357885435543633668678653576658
100
5334525424552333532424224433452425324242232555325234234335345535523444344525325222252255323352425524
100
9766598855595775859988586785765677669657776897967657578865856557978765565596786975676596699786765886
98
97489685746487584776755465664885946898554884886874574565799847956876495956849958584744688968568845
90
966867999778897866979677998887996686988967889768879966979789686769866896677897978689688769
96
955797666759968957685667596695586887657999676597559866777567976575678868695777958897586875978998
3
001
90
111121221112211111222112212212221112212221112212221211122122212112111112111211212112212221
100
5666655555666655655555556556666655655555565555565665665566555556565565555655556556556656556665655656
15
222229888888811
91
1552343411422342511124431235122145545542431344132333245454243311333232225341413255442433115
94
2566624263232236366226225352324364625533265446425436546253436333265566544433352565255535665522
100
3333222332332232332323332333222322333323323332332223233223332333232332323322222333322322222333333332
94
5738725877382787222522638782447883866863262762463885378354383587636542236745788264887758537535
90
699679978997976788967888796778777896676777989979789987998798889966869987776889989689776767
95
76686676686767666768887668868787686788668867866877668886786678876776767867676766677686776787686
95
84689844967967475978988945764897858546458964686586545697899778456867969755594948584848677587458
94
6188521343412655188715822363588847462764237886451833521677727632684174237671647182247762763268
100
4887292583639549862677614681585523489197798922241111551445345979733226631747241424716796964662427552
99
877697777998899889868986998876686669769988767976969796697766667689879679888899877967898896996779967
5
19091
94
6663544255262422552633325664532663535652426333334543626365363422463365432642554252535264235343
98
87788778777877778888777878888888888877788887888887788777777788787878888878887888777778777788878777
96
222635274362263757377554627534372775245454623374763634367754464743337733334522755264337576726555
100
0123456789012345678901234567890123456789012345678901234567890123456789012345678901234567890123456789
90
002653100613532244001606100441112462630255001626062306306013620053641530361163135165306044
100
2003003000033320113221130322301131100331333132211003321302220031111102201112311202132033001111001121
99
776657656775775755665666567657557556667757767656767776676767766577756575557657757575576656765775776
92
62346737623798979692299653897539864838893432766727732638823277677392728787297273786298338656
3
112
93
346121620322062245553500001261336360055325464611442604555230065242324455425152635404456521662
96
607714700123764106726046353453365014540640675242013041732304623064664573430273365203310422174767
93
555565656556655566565565556655656566556566656556656556665655665656656556566565656655665555666
95
22233332233323232323333233332222222332322232332233332233222232222322222232332322223333233232332
100
0000000000000000000000000000000000000000000000000000000000000000000000000000000000000000000000000000
92
66776767767676776676666767777767666767666776667766777676677677766666677776666677776677776766
97
3333223323333322223232223223222232222322232323323333222333323332222323332233232322222333323233223
3
211
94
7872680106252831583445074675031340086717071178560078048403634365687357631038315264583026208826
90
992576568648282257954575854665769275755956447924685997823343863726843882668856324564827348
